30
2 10
13 24
5 7
26 29
9 5
7 13
9 26
11 10
23 28
24 20
20 14
1 28
4 11
22 21
13 7
24 5
12 9
16 17
5 8
27 14
26 6
21 15
25 7
27 15
21 8
11 11
5 3
29 9
5 9
6 24
20 30
20 7
15 19
14 27
23 8
18 26
27 1
2 16
2 27
8 19
3 11
18 30
10 12
12 4
15 4
5 15
14 21
13 18
14 21
27 1
23 2
24 22
28 24
30 27
27 6
4 14
2 17
12 13
5 20
24 27
1 1
5 15
1 6
16 12
9 19
12 9
7 28
7 12
15 16
5 24
8 20
11 22
17 10
19 24
17 15
22 5
23 13
10 20
26 21
17 18
16 8
6 15
6 18
14 8
1 29
25 6
16 22
4 2
21 23
2 4
11 3
15 30
27 8
26 12
17 23
5 14
16 19
11 6
29 23
15 24
19 26
12 18
4 20
14 10
19 27
13 3
14 22
30 18
17 20
4 13
27 11
18 13
10 29
21 25
13 4
29 24
11 6
1 2
18 30
8 18
17 26
22 18
9 9
30 3
12 25
18 26
29 1
11 6
28 10
18 4
20 12
14 26
11 12
26 3
21 2
29 8
9 12
11 16
16 12
5 17
7 22
7 4
21 2
24 2
8 24
16 12
16 5
13 18
7 8
26 27
23 13
25 4
30 19
30 20
17 7
25 29
28 4
5 27
15 16
4 12
5 5
4 4
26 14
15 25
16 10
9 26
24 18
4 17
4 15
2 25
24 9
29 5
19 18
16 27
8 8
21 22
27 2
21 5
20 10
1 9
21 13
27 21
28 4
1 9
25 1
21 5
24 13
15 27
19 26
15 15
25 17
27 23
29 17
5 8
15 3
3 6
6 21
19 1
11 17
27 8
30 1
26 27
29 30
29 25
25 12
22 3
4 28
17 27
17 16
21 20
8 4
7 21
3 14
5 14
19 28
17 22
12 5
21 18
8 29
28 5
22 18
4 25
20 4
8 18
9 6
28 29
29 2
28 25
29 9
10 13
25 24
21 15
7 8
10 20
20 16
16 10
11 20
8 15
23 27
11 5
20 11
24 14
29 22
17 10
29 12
15 5
26 29
4 3
23 8
14 12
11 26
2 2
3 19
24 16
27 17
9 8
21 25
22 16
4 8
9 25
27 19
12 17
5 22
24 9
6 18
13 8
1 14
14 23
26 6
16 14
6 27
22 16
16 20
22 4
29 18
19 20
13 14
21 14
14 8
19 17
7 2
20 13
29 20
17 15
29 18
2 26
29 20
28 20
11 1
5 19
7 17
5 23
22 3
12 13
17 14
16 17
11 18
6 15
20 30
19 12
14 29
8 17
25 19
16 29
29 21
23 13
14 11
3 19
26 9
7 18
15 12
19 5
26 4
9 8
2 9
19 17
7 23
2 24
19 19
23 28
28 25
25 21
26 6
12 14
15 17
26 20
14 20
24 5
16 14
20 4
14 29
26 10
10 12
12 25
12 26
18 29
17 17
7 16
10 28
16 29
6 17
17 6
29 2
28 28
8 13
30 2
29 22
9 9
4 7
26 7
30 27
19 13
2 11
25 15
23 4
2 5
30 23
14 11
29 3
4 20
12 10
9 22
13 4
29 28
8 13
24 24
26 9
15 8
9 29
15 1
3 27
12 19
5 19
27 26
4 9
19 17
12 29
23 9
10 3
23 3
18 19
26 18
16 22
14 6
21 6
7 12
25 10
9 14
5 11
5 13
25 28
30 27
8 12
2 6
7 5
8 20
5 5
10 26
19 1
21 13
9 25
3 13
1 9
15 14
5 30
25 1
20 11
9 26
6 5
12 28
9 8
18 14
11 13
25 15
20 7
20 7
7 13
19 24
18 15
17 16
25 19
5 19
4 13
5 26
26 20
2 11
30 20
29 17
10 9
17 3
29 18
12 15
7 6
14 23
3 5
16 22
25 7
14 14
5 27
18 4
20 18
17 14
19 1
2 11
17 8
9 9
11 7
22 9
28 6
12 10
20 5
29 2
6 24
14 9
1 27
7 30
25 27
15 10
12 3
27 10
4 8
19 24
30 5
1 7
26 11
12 17
16 26
13 26
9 26
5 23
10 24
1 16
12 2
7 20
9 22
30 4
30 5
30 3
14 8
10 29
19 1
2 21
27 1
7 5
26 5
4 20
3 11
11 11
22 15
6 29
16 2
16 16
1 20
12 25
3 27
4 13
14 1
22 8
27 3
26 21
13 8
23 5
10 30
13 12
8 20
12 22
2 9
9 12
13 25
21 3
13 17
20 2
10 4
3 5
15 2
17 12
1 26
27 19
1 24
20 5
15 25
24 24
12 25
6 20
5 18
5 11
2 6
9 22
9 18
11 23
2 2
9 30
5 20
20 21
20 18
29 13
29 26
26 7
5 17
10 8
16 9
28 4
23 25
20 3
29 19
7 10
25 25
5 21
22 6
2 18
22 23
1 18
23 12
26 6
24 25
14 8
20 3
12 3
11 3
7 29
25 11
24 9
2 24
24 7
5 30
21 4
24 13
10 18
13 30
8 8
9 1
30 18
1 19
13 23
11 12
1 22
29 22
30 17
1 17
29 6
1 2
25 30
17 20
18 4
25 16
12 13
7 24
6 11
20 26
13 25
3 9
12 30
23 13
9 13
1 24
5 27
24 28
16 19
13 23
10 16
18 8
24 6
6 5
29 29
23 30
18 27
1 7
1 18
12 14
13 20
21 10
2 12
26 9
8 2
20 22
23 3
12 28
12 22
23 7
2 2
1 1
6 10
7 24
26 26
9 29
2 9
18 28
29 15
1 2
14 2
21 19
4 26
20 12
6 16
29 22
2 19
6 9
25 1
10 23
8 18
26 15
24 29
12 27
7 17
21 27
4 21
21 10
30 2
28 23
10 11
4 25
30 5
20 11
13 9
7 25
23 11
11 28
3 20
21 26
15 22
26 6
19 26
27 2
9 22
10 24
18 6
1 3
14 14
4 28
11 13
17 5
22 24
1 8
13 27
8 13
15 27
14 21
15 1
3 14
17 24
29 1
4 26
8 20
6 1
23 7
13 17
21 28
1 27
22 16
4 21
17 20
3 9
14 30
26 22
21 15
1 13
18 5
14 21
21 11
7 2
1 16
6 16
9 20
23 1
7 30
21 15
1 4
16 24
22 2
23 17
14 11
26 19
21 3
2 30
18 11
12 3
2 21
16 9
1 9
7 12
7 8
3 14
3 4
26 8
20 23
26 5
23 17
1 14
24 10
10 18
3 3
4 21
15 14
12 9
3 10
30 14
29 9
18 2
9 1
9 24
11 7
16 4
22 8
10 10
4 14
27 12
2 23
9 14
22 1
24 13
14 8
17 14
2 17
11 4
4 8
14 12
16 7
18 20
29 22
28 4
5 5
11 5
4 1
28 21
19 11
4 6
25 8
25 2
19 2
19 17
2 19
24 4
7 5
26 29
19 18
28 12
28 29
13 27
24 30
2 29
5 11
20 6
9 11
1 11
19 11
26 30
8 27
27 30
22 7
10 3
3 25
17 19
27 5
19 5
18 27
2 20
27 8
19 26
30 21
13 20
21 26
5 4
21 22
4 30
11 26
8 1
3 11
25 20
26 29
16 22
2 11
24 24
1 14
28 15
18 8
13 5
18 15
2 3
23 23
1 20
27 14
14 5
4 21
19 24
26 13
14 9
6 23
28 22
27 17
16 26
30 19
10 24
28 23
21 8
2 27
9 25
15 3
12 28
7 2
11 14
28 8
15 3
12 21
23 8
14 29
6 22
7 26
28 8
6 26
10 14
7 2
15 9
1 24
16 25
8 17
24 16
8 16
7 28
14 28
8 22
22 13
2 19
8 29
25 9
24 12
3 28
5 8
26 18
3 27
6 15
17 22
5 9
4 1
24 17
27 1
20 14
3 6
28 2
29 10
2 11
10 7
22 27
12 5
10 6
12 30
14 17
17 30
7 5
3 4
8 3
30 4
16 10
21 21
2 2
4 10
19 4
25 10
23 29
23 13
